4688
3268
1453
-886
4077
3859
1600
-4312
-4020
165
-3249
2371
-1098
836
-4625
1098
183
-1431
2035
620
4693
1432
-3267
-172
3643
-1829
-1468
3218
-3062
-2772
2185
-2421
1425
-2875
-2684
-3935
-3465
-1608
-3969
2894
-3114
1203
-1613
119
-560
862
-1171
711
-828
-2267
739
-1917
2083
-1127
4042
692
1708
4942
-1430
-4385
421
4512
-1410
2057
-1318
-1761
3887
3177
-3896
-3734
3245
3452
-2438
-4303
4363
-4978
-587
-861
-2739
4392
-710
-160
-4320
-3230
-1480
4521
3003
-2706
1223
-2207
1521
-548
3468
2223
3867
4141
-712
72
678
-212
-465
2036
-2962
368
599
609
894
-975
4105
-845
1006
-189
165
-4606
4237
-951
-4464
-1430
115
-528
3162
-1862
3509
-4816
-2197
-957
2763
-1349
1680
4432
1154
-4142
714
290
2217
4625
-1934
4912
-4871
-1809
-42
-312
-4713
-3936
-3179
1608
-1154
-1277
-4187
-2840
3304
-657
2551
1442
888
-4996
3364
-2285
313
-4160
-2650
3292
-1868
2952
-3809
4667
373
3740
-626
3896
2678
788
4982
1343
2983
473
2930
-861
3050
2862
4171
4007
646
-2122
1201
-219
2301
-2605
-4662
-4024
3200
-1141
-2420
3197
-76
2487
4442
2885
-4832
-2215
-1394
2586
1261
1021
-3066
-2503
3119
-1021
3320
804
395
3261
-1466
-3007
2087
-1942
3277
-271
-1622
-1232
2964
2931
3164
4857
-864
-4172
-3571
4683
-3390
-1532
4228
-2890
-3003
-3141
2907
-94
-1575
4189
-4839
2725
-379
-2170
193
709
915
-526
-555
4213
4711
1350
450
379
1096
-4868
-1088
-803
-496
-3027
-2793
3247
969
-2100
4889
28
1164
-1516
-4049
-62
704
4759
2499
-1212
-4049
2062
1109
-1703
3394
4852
328
3420
-1870
1373
351
3965
-4687
-801
841
-871
-998
754
-2771
3109
4088
1480
-1877
-3801
-4372
-4779
2742
389
-2708
-1666
2675
-3735
-636
3322
4663
817
2107
73
4679
3387
-880
-2488
-3400
-2887
869
1073
-2473
-3647
4854
3115
-618
1163
-2140
-3968
-584
-101
1908
-3383
-181
-727
4570
1117
-1949
-4524
-1127
1130
748
-2814
2744
857
2946
-3865
-1872
-3090
-4772
-419
-1003
-1459
-952
-2754
-4394
-2420
632
-2882
-932
-363
2249
-818
3756
-4735
-3834
3944
3317
-4519
-2491
2261
3172
2922
-1719
3592
4821
3139
1556
3812
-2987
-1425
278
-1801
-1503
1443
2362
-3057
1725
1389
2218
2112
-4794
-3854
288
-884
-537
3512
4910
2296
-3701
2914
2905
3914
2510
-2392
4199
-4174
2086
2308
-2939
2866
-1652
816
4365
-3065
2384
4461
-4281
-2424
3686
3021
1121
-3958
-2322
-1260
-3161
-3439
3062
-503
1311
2446
-2714
4159
3988
-749
-1918
2238
-182
4408
-1228
4514
-3407
-2699
-219
-924
4034
-3697
1130
2387
1113
3526
1401
300
-1072
3289
1166
-4994
-3129
2877
2657
503
4829
-4458
3278
2301
2214
-2280
2777
-3362
4734
-1419
-4495
1179
4911
-582
746
-247
-1216
-343
-4844
-3382
-4465
4908
2980
2192
1791
754
3136
-4122
3367
3647
-2551
-3756
-616
-2675
-867
-654
-1758
1664
-817
-3666
-1008
-1873
916
2457
-2881
4757
-3593
4976
1161
-3944
-3111
3123
-2285
3075
3494
-4687
-107
-2925
-4936
-3649
4893
-2318
-2438
-3130
-4520
-2060
1668
908
1122
-442
789
4582
619
-1565
3537
3754
-1323
-555
-3965
-887
-435
-4461
-3257
1626
-1995
-2244
-3329
1634
0
-2763
-417
-936
4500
3913
-3489
-482
2749
-1058
1767
1441
3655
-2626
-1191
-1419
1541
-3545
-130
2570
1127
-1247
1322
3499
-342
2259
974
778
-2203
4533
4558
-2534
281
1542
1649
-1063
-1722
1616
2707
2120
822
2395
1795
-1809
1834
1296
4895
-693
-3374
-585
2057
3662
-2631
-2957
4943
-1533
703
1622
-3548
4212
-4414
-3720
401
2602
-3395
3794
3887
-1218
-4230
1088
-1746
4247
2768
4087
-1731
1708
504
-1325
-4166
-3341
-3667
1802
4517
-3558
-1708
1628
-3333
-2351
-3485
1216
4591
-333
1951
4631
-4081
1442
2878
-891
-3061
1953
797
-3597
-327
-3307
765
1651
1192
-709
1398
-2458
-3441
-1680
1545
670
-1486
1025
-3393
2275
237
3625
1479
294
1948
3875
3269
-3026
3611
-2480
4403
2136
-1536
-3645
-2483
-1267
1149
72
-4239
-1708
-4260
-2884
4309
4939
4015
4771
-4694
3615
975
-1975
4465
2733
203
-1296
-900
-4718
-4610
2399
-895
4877
-4463
2641
-4353
4308
2391
4656
529
-4576
4575
-2481
1677
-2891
-3230
2877
2258
-2787
507
37
-3849
-4770
902
2292
-4615
-739
3118
1109
1455
1215
3952
-4882
2618
2558
3139
-4056
-1628
-4030
-3718
474
-3135
3029
-4850
-3664
-824
-744
3917
-4976
1681
-1798
-603
3260
3290
-2333
2912
-2914
4662
-2941
560
1493
4286
2195
-4996
2780
4863
-4660
4735
-4942
1522
4775
-470
-247
1315
-1586
4729
-1701
-4676
-2176
-3606
422
3637
4619
4224
764
13
1213
-1564
4211
2947
497
-3484
1332
2208
-2743
2795
4985
-1880
1671
2319
1155
-1686
4581
705
-1252
1855
-821
-4863
-3776
2937
641
4006
1918
-4379
-311
2633
-2052
4249
3677
1945
1742
3943
4590
4015
1246
-578
-3694
-3895
-2066
-3720
3496
1576
-3887
-4413
3636
1431
-4782
-4195
1015
936
-4523
4842
-3084
1657
51
3985
-2833
-4300
2455
-2392
-1605
4688
2759
392
-323
4557
-2262
-3742
200
685
2984
-3931
-4590
2778
-4925
-2378
-2427
-4935
1063
4740
-1548
-4919
-4428
2152
701
-2222
-4033
-499
-4605
-3440
-3784
3028
3971
-405
-1342
-3665
-2344
-3044
1946
-3954
447
3080
3583
856
4368
2272
4278
2306
-4182
-74
2554
3261
-235
4926
-3001
-2492
4658
-2481
-1192
-1565
-2856
4705
4783
1553
-271
3588
-4733
-3107
4784
1955
1384
237
1521
1733
-3413
-833
-1256
4129
4813
-4549
3354
784
-2940
3877
-1394
2042
-933
866
4487
-2564
3639
-3371
-4341
3504
-1080
2732
-4505
-4241
1208
-1289
4857
2766
3615
-4803
1390
-4529
-4481
-2713
1397
600
4231
-3100
1647
-4865
-301
2407
4666
-2567
-2893
1181
4600
2386
48
1056
4704
-3555
3902
-4334
3071
815
-4702
-418
-3372
728
1439
3061
-797
3206
-2748
1901
1283
-700
-4963
-3238
-4086
-342
277
-3809
-2907
-1649
500
-3563
4470
4675
-2382
-3670
2172
2099
2819
3776
535
4820
1972
-4999
-3872
-4542
-679
-4094
-810
-3705
-4570
1860
-3476
4497
-1151
4057
-2843
-4636
-2928
-3823
-2525
2965
-661
-2883
-3268
-4572
1060
-2402
-1330
-2502
1251
2447
-4493
4045
165
351
3009
1836
1255
4545
-2216
-2029
-1694
2707
-4555
-2369
973
225
2236
2985
740
216
3799
-4508
-995
3297
-647
3411
-4137
-313
920
3944
3190
1682
3155
720
2882
3847
-777
1059
3750
3056
3857
-718
-3081
1217
-3877
-4136
33
-2742
32
-3435
-2
-1062
762
3835
328
-4392
3865
-2767
-3851
-1122
2469
2585
-1323
2230
4730
2206
-3432
-2729
-652
-363
-2529
-1200
-2796
-4714
-2587
-1164
-2985
-4930
-1616
2898
-1739
2941
776
-4430
4988
338
2594
-4135
4144
-1438
-4255
-808
-4871
-2452
4032
2597
4660
2552
2626
3688
4713
2925
-355
-2498
-2665
-1179
-45
3023
-3874
2336
3574
2614
-3256
1180
2475
1370
615
-4551
-4576
-1761
1255
-3730
409
2544
-4446
-1985
3946
2370
2313
2877
-4333
-230
-1223
-3625
1897
4365
-64
1674
-4263
-5000
-3096
2016
1195
-28
922
2258
3848
1693
-4830
-2663
-2074
-935
-3234
-1054
-220
-388
-4562
-1596
1634
2619
-824
-1933
-2296
-236
574
-1314
-3224
4712
137
592
-2454
-2708
2291
-2032
4808
-1516
866
2295
3012
-511
2328
3596
1727
508
2831
242
4349
1590
-4894
-3264
-3660
-1445
452
-57
2173
2476
-4679
4815
4370
-2115
3567
-4020
3371
4574
520
-2894
1232
2125
2313
-4115
-4844
803
412
-2401
-3118
303
240
-2469
-3846
2849
-2101
2338
-4867
-3041
-40
-3815
-1838
3265
-956
-2365
3973
-2155
2610
1987
448
-4019
-2494
-3234
-2974
-4804
4825
1603
-3713
-2404
2726
4567
-1034
-2332
-3512
-3338
306
3450
4782
1615
-4535
1901
-2373
-1353
363
3086
-2541
1260
-1838
-2558
-4089
-1912
-3381
-3791
-3999
-3355
-2638
4229
4847
2558
-718
-2245
-4877
1625
-91
-3304
3263
3244
-4087
-1630
4371
3614
-628
-611
-3171
-4742
4978
-86
4391
2633
-1432
-926
3688
-830
-230
-2909
-3154
1792
4940
2881
-4912
1279
3048
1779
1821
-3377
-4878
-2580
3697
4221
4251
232
1374
3403
-4093
250
-299
-3789
-1528
3368
-2034
908
2355
-2724
-3637
4514
3801
1605
-4258
-4041
3382
2648
-4816
4257
-3544
-1015
-3431
-1663
1766
-4302
-3194
-42
3951
-3007
-4971
2531
1465
1732
575
-1015
-1376
195
3531
178
-3944
-2588
-1845
2506
-4873
-3151
2543
-3452
-2423
2104
2096
4289
-1540
-1245
4161
-813
-1878
2113
3409
-1435
538
1738
-23
-747
1223
3367
1324
2161
-2303
1244
575
523
-4217
177
1853
498
-430
-434
-1832
-2732
3831
535
4655
-2568
4107
4390
3060
4732
-1461
-3571
3432
-3799
-1637
3790
-2575
-4073
4421
1254
-4329
-2629
603
1061
-1569
-3576
-4458
-938
-4291
2321
4793
-1504
-4056
-1698
-2254
-4628
-2862
4472
1394
-4689
-4452
2283
3141
-689
-4248
1205
1635
-4205
-4070
-3188
-784
598
-1856
-485
-2054
-2691
-1446
1501
1266
3008
2479
4305
1645
490
2585
3672
3257
2366
3538
2685
473
-2243
-4266
-2096
-1044
307
-464
4025
1442
4997
4088
1895
816
-2937
1189
-1928
1207
3572
4044
-784
-1953
-3880
-2321
-1689
1489
-4994
2592
-4441
-1980
3290
-1677
349
-2492
-3985
-3107
-2545
2107
-1804
3507
-2962
-2733
4207
203
-742
2753
-1565
-4394
788
-1975
4329
-4895
-4142
4348
1232
925
2320
4681
2582
4965
2388
4501
-485
-2681
-1688
-4626
-4719
-4944
1069
736
1098
-2004
-1912
3863
-1871
4501
-4795
3888
-2890
637
-4271
126
-2070
2197
-2246
-4397
-592
-2373
-3241
-186
-1002
3763
-2528
829
-3259
896
1569
-2641
3
2354
4115
-4717
-2579
647
-4191
3578
-3799
2918
3712
-227
-299
-144
1404
-1411
2192
762
-3719
-4907
-764
950
-3146
3019
-4858
-619
1440
-2342
-1983
787
2396
-3863
-201
-795
4874
2858
1026
2032
1061
-105
-434
-1386
812
2715
2127
2758
526
-105
-3070
1248
38
4926
-321
-4868
1875
-3220
1563
3083
1530
-2136
2697
-4134
4857
-4245
4918
4066
-1943
1857
-4092
-1961
2119
-842
-3875
213
3780
3090
2794
1927
-1982
2540
-3885
3346
-4852
785
1224
2596
4828
-853
3625
-407
-1943
2162
-1709
-4580
3922
1100
3395
2429
-2282
1953
103
2638
787
4454
-4174
3885
2295
2589
-19