8 3 9 4 7 5 5 3 5 6 
4 7 10 3 9 6 3 5 7 8 
7 3 4 4 3 10 9 8 9 6 
4 9 7 7 10 9 8 4 3 6 
5 6 3 4 3 3 5 6 5 4 
7 4 9 4 5 9 8 7 9 4 
9 5 9 3 6 4 3 6 9 10 
9 5 5 9 10 8 4 5 10 6 
9 10 4 10 7 9 8 5 9 5 
5 3 7 6 10 9 6 8 7 3 
7 5 3 6 5 7 3 8 4 5 
8 5 4 6 3 6 10 3 4 5 
8 3 6 10 10 7 10 5 9 4 
8 8 7 9 10 7 8 5 5 10 
10 3 3 6 9 4 9 9 6 6 
7 10 7 9 4 4 8 5 5 9 
10 7 10 4 7 8 3 9 8 5 
5 4 3 9 6 3 4 10 7 3 
4 5 3 5 9 7 5 4 10 6 
9 5 7 5 4 4 4 9 6 9 
3 8 3 6 7 4 10 10 3 6 
7 8 5 7 3 3 7 4 10 6 
7 9 10 7 4 3 3 7 6 8 
7 3 6 6 3 7 7 9 3 10 
3 9 9 6 10 6 9 3 5 10 
3 9 8 6 8 6 4 8 4 8 
5 6 4 4 3 5 10 8 6 8 
8 4 3 9 9 9 7 8 3 5 
8 6 8 10 6 5 4 10 9 10 
8 5 8 6 10 9 9 4 6 6 
